	                               xmin      ymin     zmin      i1           i2          i3             xmax      ymax    zmax                              
SPL:      0.01      0.1     0.5        0.00916   -3.195   -3.301    0            3.515       20.85          34.72     4.915   4.403     xmin       xmin       xmin
MDStrain: 0.4       0.4     0.8        -0.02893  0.04718  -0.7701   -0.02447     0.07973     0.646          -0.01778  0.1286  1         xmin       ymin       zmin
Beam:     0.449     0.551   both       -1.759    -4.356   -17.77    -9           9           both           17.77     4.356   1.759     zmax       xmax       both
Nodel:    0.55-0.64 0-0.27  0.67-0.75  -1.485    -6.92    -154.7    84.34-98.39  -6.92-7.02  -32.01--17.36  154.6     44.7    28.4      xmin-xmax  ymin-ymax  zmin-zmax
