	                         xmin     ymin     zmin      i1        i2       i3        xmax      ymax    zmax                              
SPL:      0.004374 0.1  0.9      0.00916  -3.195   -3.301    0         3.515    20.85     34.72     4.915   4.403     z1 z2 z3
MDStress: 0.7      0.2  0.7     -1916     650.3    -0.9922   -1473     703.8    0.4018    -1284     917.8   0.9993    x  y  z
MDStrain: 0.4      0.4  0.8     -0.02893  0.04718  -0.7701   -0.02447  0.07973  0.646     -0.01778  0.1286  1         x  y  z